promedio res_cadena_aleatorias.txt:
( 2, 5.893000e-06 )
( 4, 1.415240e-05 )
( 6, 6.164160e-05 )
( 8, 3.158370e-04 )
( 10, 0.001664 )
( 12, 0.008870 )
( 14, 0.048028 )
( 16, 0.268307 )
( 18, 1.474660 )
( 20, 8.444264 )
( 22, 47.135480 )
( 24, 262.477800 )
( 26, 1495.644000 )
--------------------------------------
promedio res_cadena_vacia.txt:
( 1, 5.063400e-06 )
( 2, 3.731000e-06 )
( 3, 1.933400e-06 )
( 4, 2.065800e-06 )
( 5, 2.609000e-06 )
( 6, 2.947600e-06 )
( 7, 3.107800e-06 )
( 8, 3.316000e-06 )
( 9, 5.245600e-06 )
( 10, 4.412200e-06 )
( 11, 7.179600e-06 )
( 12, 4.626800e-06 )
( 13, 4.869200e-06 )
( 14, 5.107600e-06 )
( 15, 5.290000e-06 )
( 16, 6.135400e-06 )
( 17, 8.670200e-06 )
( 18, 6.494200e-06 )
( 19, 6.756600e-06 )
( 20, 7.179400e-06 )
( 21, 7.536200e-06 )
( 22, 8.570000e-06 )
( 23, 7.682400e-06 )
( 24, 7.977000e-06 )
( 25, 9.526000e-06 )
( 26, 9.992800e-06 )
( 27, 8.582000e-06 )
( 28, 8.830600e-06 )
( 29, 9.477800e-06 )
( 30, 9.576000e-06 )
( 31, 1.244500e-05 )
( 32, 1.183020e-05 )
( 33, 1.463760e-05 )
( 34, 1.217520e-05 )
( 35, 1.244520e-05 )
( 36, 1.434480e-05 )
( 37, 1.523240e-05 )
( 38, 1.557700e-05 )
( 39, 1.744880e-05 )
( 40, 1.566120e-05 )
--------------------------------------
promedio res_cadenas_con_gaps.txt:
( 1, 4.689000e-06 )
( 2, 3.248200e-06 )
( 3, 2.669200e-06 )
( 5, 1.084400e-05 )
( 6, 3.574800e-06 )
( 7, 4.438400e-06 )
( 11, 0.001229 )
( 12, 0.001492 )
( 14, 0.009121 )
( 16, 0.061663 )
( 18, 0.398014 )
( 22, 20.933120 )
( 23, 25.354660 )
( 27, 1841.518000 )
( 28, 3654.770000 )
--------------------------------------
promedio res_cadenas_con_repeticiones.txt:
( 2, 7.205400e-06 )
( 4, 1.502040e-05 )
( 6, 8.188300e-05 )
( 8, 3.988438e-04 )
( 10, 0.001727 )
( 12, 0.008050 )
( 14, 0.049874 )
( 16, 0.258854 )
( 18, 1.521028 )
( 20, 9.153574 )
( 22, 49.983000 )
( 24, 276.604600 )
( 26, 1613.170000 )
--------------------------------------
promedio res_cadenas_palindromos.txt:
( 2, 6.435800e-06 )
( 4, 1.470140e-05 )
( 6, 7.178020e-05 )
( 8, 3.859658e-04 )
( 10, 0.001638 )
( 12, 0.008957 )
( 14, 0.043432 )
( 16, 0.282386 )
( 18, 1.466032 )
( 20, 8.429614 )
( 22, 46.641000 )
( 24, 260.116000 )
( 26, 1418.264000 )
--------------------------------------
promedio res_patrones_alternados.txt:
( 2, 8.698600e-06 )
( 4, 1.757100e-05 )
( 6, 9.806940e-05 )
( 8, 3.930530e-04 )
( 10, 0.001523 )
( 12, 0.008730 )
( 14, 0.044352 )
( 16, 0.238369 )
( 18, 1.583984 )
( 20, 8.045956 )
( 22, 48.801400 )
( 24, 280.347000 )
( 26, 1601.434000 )
--------------------------------------
promedio res_transposicion.txt:
( 2, 8.291400e-06 )
( 4, 2.247600e-05 )
( 6, 9.375540e-05 )
( 8, 5.593500e-04 )
( 10, 0.001866 )
( 12, 0.008877 )
( 14, 0.047272 )
( 16, 0.286602 )
( 18, 1.540728 )
( 20, 8.802604 )
( 22, 50.049880 )
( 24, 290.684800 )
( 26, 1594.634000 )
--------------------------------------
