promedio res_cadena_aleatorias.txt:
( 500, 0.002951 )
( 1000, 0.012572 )
( 1500, 0.027018 )
( 2000, 0.049112 )
( 2500, 0.074222 )
( 3000, 0.109289 )
( 3500, 0.148450 )
( 4000, 0.195592 )
( 4500, 0.244323 )
( 5000, 0.299414 )
( 5500, 0.366003 )
( 6000, 0.433201 )
( 6500, 0.504178 )
( 7000, 0.587506 )
( 7500, 0.677271 )
( 8000, 0.763021 )
( 8500, 0.862477 )
( 9000, 0.969739 )
( 9500, 1.086912 )
( 10000, 1.201988 )
--------------------------------------
promedio res_cadena_vacia.txt:
( 250, 7.073200e-06 )
( 500, 1.114480e-05 )
( 750, 1.457420e-05 )
( 1000, 1.436890e-05 )
( 1250, 1.625350e-05 )
( 1500, 1.970470e-05 )
( 1750, 2.425230e-05 )
( 2000, 2.424740e-05 )
( 2250, 3.279040e-05 )
( 2500, 2.959950e-05 )
( 2750, 3.489750e-05 )
( 3000, 3.513270e-05 )
( 3250, 3.930670e-05 )
( 3500, 4.110480e-05 )
( 3750, 4.716400e-05 )
( 4000, 5.122590e-05 )
( 4250, 5.095410e-05 )
( 4500, 5.502400e-05 )
( 4750, 6.057810e-05 )
( 5000, 5.777590e-05 )
--------------------------------------
promedio res_cadenas_con_gaps.txt:
( 488, 0.016186 )
( 984, 0.011127 )
( 1483, 0.025607 )
( 1984, 0.046351 )
( 2485, 0.070928 )
( 2984, 0.105873 )
( 3484, 0.141001 )
( 3984, 0.190884 )
( 4481, 0.238426 )
( 4983, 0.293271 )
( 5484, 0.356458 )
( 5983, 0.417081 )
( 6479, 0.496043 )
( 6988, 0.577860 )
( 7487, 0.662350 )
( 7983, 0.752278 )
( 8484, 0.852546 )
( 8987, 0.950286 )
( 9485, 1.058563 )
( 9981, 1.170410 )
--------------------------------------
promedio res_cadenas_con_repeticiones.txt:
( 500, 0.016282 )
( 1000, 0.012006 )
( 1500, 0.026230 )
( 2000, 0.048943 )
( 2500, 0.074246 )
( 3000, 0.104459 )
( 3500, 0.145862 )
( 4000, 0.192199 )
( 4500, 0.241123 )
( 5000, 0.298674 )
( 5500, 0.357404 )
( 6000, 0.429274 )
( 6500, 0.502892 )
( 7000, 0.576670 )
( 7500, 0.665800 )
( 8000, 0.759239 )
( 8500, 0.857539 )
( 9000, 0.956300 )
( 9500, 1.070909 )
( 10000, 1.194541 )
--------------------------------------
promedio res_cadenas_palindromos.txt:
( 500, 0.024161 )
( 1000, 0.011679 )
( 1500, 0.026786 )
( 2000, 0.047128 )
( 2500, 0.075680 )
( 3000, 0.106672 )
( 3500, 0.147543 )
( 4000, 0.195357 )
( 4500, 0.242831 )
( 5000, 0.298172 )
( 5500, 0.363644 )
( 6000, 0.434080 )
( 6500, 0.510078 )
( 7000, 0.589866 )
( 7500, 0.686869 )
( 8000, 0.769851 )
( 8500, 0.869055 )
( 9000, 0.980525 )
( 9500, 1.086271 )
( 10000, 1.194314 )
--------------------------------------
promedio res_patrones_alternados.txt:
( 500, 0.017055 )
( 1000, 0.013232 )
( 1500, 0.028147 )
( 2000, 0.050905 )
( 2500, 0.079823 )
( 3000, 0.114342 )
( 3500, 0.156316 )
( 4000, 0.205534 )
( 4500, 0.260097 )
( 5000, 0.316422 )
( 5500, 0.385090 )
( 6000, 0.459665 )
( 6500, 0.537146 )
( 7000, 0.624081 )
( 7500, 0.713606 )
( 8000, 0.809706 )
( 8500, 0.925731 )
( 9000, 1.025996 )
( 9500, 1.141578 )
( 10000, 1.269229 )
--------------------------------------
promedio res_transposicion.txt:
( 500, 0.017575 )
( 1000, 0.012408 )
( 1500, 0.027213 )
( 2000, 0.049897 )
( 2500, 0.075660 )
( 3000, 0.112635 )
( 3500, 0.150751 )
( 4000, 0.199989 )
( 4500, 0.254661 )
( 5000, 0.308597 )
( 5500, 0.380268 )
( 6000, 0.447852 )
( 6500, 0.530296 )
( 7000, 0.604019 )
( 7500, 0.697866 )
( 8000, 0.792218 )
( 8500, 0.894159 )
( 9000, 1.001935 )
( 9500, 1.110483 )
( 10000, 1.239138 )
--------------------------------------
