promedio res_cadena_aleatorias.txt:
( 2, 2.301200e-06 )
( 4, 2.457600e-06 )
( 6, 2.646000e-06 )
( 8, 2.925700e-06 )
( 10, 3.491500e-06 )
( 12, 4.222000e-06 )
( 14, 5.266700e-06 )
( 16, 6.182500e-06 )
( 18, 7.131500e-06 )
( 20, 8.130200e-06 )
( 22, 9.141000e-06 )
( 24, 1.044650e-05 )
( 26, 1.208660e-05 )
--------------------------------------
promedio res_cadena_vacia.txt:
( 1, 4.376100e-06 )
( 2, 1.905600e-06 )
( 3, 1.026300e-06 )
( 4, 1.063100e-06 )
( 5, 1.045800e-06 )
( 6, 1.050700e-06 )
( 7, 1.062700e-06 )
( 8, 1.085100e-06 )
( 9, 1.099200e-06 )
( 10, 1.151100e-06 )
( 11, 1.343400e-06 )
( 12, 1.284200e-06 )
( 13, 1.180300e-06 )
( 14, 1.165200e-06 )
( 15, 1.167400e-06 )
( 16, 1.111300e-06 )
( 17, 1.106900e-06 )
( 18, 1.602000e-06 )
( 19, 1.287200e-06 )
( 20, 1.189300e-06 )
( 21, 1.131100e-06 )
( 22, 1.065000e-06 )
( 23, 1.057000e-06 )
( 24, 1.124200e-06 )
( 25, 1.047900e-06 )
( 26, 1.106200e-06 )
( 27, 1.110000e-06 )
( 28, 1.076100e-06 )
( 29, 1.224300e-06 )
( 30, 1.279400e-06 )
( 31, 2.460600e-06 )
( 32, 1.144100e-06 )
( 33, 1.138300e-06 )
( 34, 1.196200e-06 )
( 35, 1.335400e-06 )
( 36, 1.292300e-06 )
( 37, 1.326600e-06 )
( 38, 1.291400e-06 )
( 39, 1.215100e-06 )
( 40, 1.476700e-06 )
--------------------------------------
promedio res_cadenas_con_gaps.txt:
( 1, 1.906500e-06 )
( 2, 1.102000e-06 )
( 3, 8.264000e-07 )
( 5, 1.172750e-06 )
( 6, 8.296000e-07 )
( 7, 8.448000e-07 )
( 11, 2.782200e-06 )
( 12, 3.338400e-06 )
( 14, 3.839200e-06 )
( 16, 4.609900e-06 )
( 18, 5.614400e-06 )
( 22, 8.383150e-06 )
( 23, 8.569000e-06 )
( 27, 1.184380e-05 )
--------------------------------------
promedio res_cadenas_con_repeticiones.txt:
( 2, 2.411700e-06 )
( 4, 1.889600e-06 )
( 6, 1.999900e-06 )
( 8, 2.775400e-06 )
( 10, 3.320400e-06 )
( 12, 4.264000e-06 )
( 14, 4.875300e-06 )
( 16, 5.917000e-06 )
( 18, 6.718900e-06 )
( 20, 8.019900e-06 )
( 22, 8.960900e-06 )
( 24, 1.043460e-05 )
( 26, 1.199820e-05 )
--------------------------------------
promedio res_cadenas_palindromos.txt:
( 2, 2.466400e-06 )
( 4, 2.052800e-06 )
( 6, 2.013700e-06 )
( 8, 2.694200e-06 )
( 10, 3.616400e-06 )
( 12, 4.412100e-06 )
( 14, 5.316000e-06 )
( 16, 6.170500e-06 )
( 18, 6.853900e-06 )
( 20, 8.189400e-06 )
( 22, 9.319300e-06 )
( 24, 1.065680e-05 )
( 26, 1.201560e-05 )
--------------------------------------
promedio res_patrones_alternados.txt:
( 2, 2.313400e-06 )
( 4, 1.866600e-06 )
( 6, 1.911600e-06 )
( 8, 2.789300e-06 )
( 10, 3.285000e-06 )
( 12, 4.032700e-06 )
( 14, 5.060400e-06 )
( 16, 5.810900e-06 )
( 18, 7.061200e-06 )
( 20, 8.254300e-06 )
( 22, 9.323700e-06 )
( 24, 1.104760e-05 )
( 26, 1.240350e-05 )
--------------------------------------
promedio res_transposicion.txt:
( 2, 2.272300e-06 )
( 4, 1.860500e-06 )
( 6, 1.981600e-06 )
( 8, 3.765900e-06 )
( 10, 3.358300e-06 )
( 12, 4.282100e-06 )
( 14, 5.118500e-06 )
( 16, 5.716700e-06 )
( 18, 6.809900e-06 )
( 20, 7.927000e-06 )
( 22, 9.176300e-06 )
( 24, 1.045860e-05 )
( 26, 1.188630e-05 )
--------------------------------------
